53.344384 -6.261056
53.344424 -6.260818
53.344450 -6.260614
53.344476 -6.260324
53.344571 -6.260088
53.344537 -6.259906
53.344568 -6.259503
53.344670 -6.259400
53.344659 -6.259287
53.344725 -6.259208
53.344862 -6.259321
53.344891 -6.259389
53.344921 -6.259421
53.344985 -6.259485
53.345821 -6.259521
53.344384 -6.261056
53.344424 -6.260818
53.344450 -6.260614
53.344476 -6.260324
53.344501 -6.260088
53.344537 -6.259906
53.344568 -6.259503
53.344670 -6.259400
53.344659 -6.259287
53.344725 -6.259208
53.344892 -6.259321
53.344891 -6.259389
53.344921 -6.259421
53.344985 -6.259485
53.345421 -6.259521
53.344384 -6.261056
53.344424 -6.260818
53.344450 -6.260614
53.344476 -6.260324
53.344531 -6.260088
53.344537 -6.259906
53.344568 -6.259503
53.344640 -6.259400
53.344659 -6.259287
53.344725 -6.259208
53.344882 -6.259321
53.344891 -6.259389
53.344921 -6.259421
53.344985 -6.259485
53.345221 -6.259521
53.344384 -6.261056
53.344424 -6.260818
53.344450 -6.260614
53.344476 -6.260324
53.344591 -6.260088
53.344537 -6.259906
53.344568 -6.259503
53.344640 -6.259400
53.344659 -6.259287
53.344725 -6.259208
53.344862 -6.259321
53.344891 -6.259389
53.344921 -6.259421
53.344985 -6.259485
53.345621 -6.259521